PINES ...
LABEL=pines
PRECISION=10000
NLIST
ONLYCROSS
REF_FILE=md.pdb
PINESATOMS=5
ATOMTYPES=NA,CL,OW,HW1,HW2
SFACTOR=1.0,1.0,1.0,1.0,1.0
SORT=1.0,1.0,1.0,1.0,1.0
SWITCH1={RATIONAL R_0=0.38 MM=12 NN=6}
SWITCH2={RATIONAL R_0=0.35 MM=12 NN=6}
SWITCH3={RATIONAL R_0=0.41 MM=12 NN=6}
SWITCH4={RATIONAL R_0=0.40 MM=12 NN=6}
SWITCH5={RATIONAL R_0=0.28 MM=12 NN=6}
NL_CUTOFF=5.0,1.5,1.5,1.5,1.5
NL_STRIDE=10.0,10.0,10.0,10.0,10.0
NL_SKIN=0.1,0.1,0.1,0.1,0.1
NL_CONSTANT_SIZE=10
... PINES

ANN ...
LABEL=ann
ARG=pines.*
NUM_LAYERS=6
NUM_NODES=61,64,32,16,3,3
ACTIVATIONS=BNTanh,BNTanh,BNTanh,BNTanh,Linear
WEIGHTS0=0.015254,-0.053594,-0.073116,-0.098449,-0.018770,-0.105052,-0.083105,-0.004529,0.091493,-0.006731,0.039578,-0.052378,-0.090009,0.042118,0.094655,-0.066186,-0.055053,-0.074036,0.051125,-0.111297,0.043849,0.010284,-0.088061,0.084935,-0.011034,-0.085882,0.005683,0.073447,-0.047215,-0.049291,0.016018,0.065167,0.031720,0.056035,-0.093478,-0.101263,0.097119,0.052810,0.106030,-0.043973,0.001329,-0.049181,0.015107,-0.003772,-0.077075,-0.049874,-0.087747,-0.103414,0.035607,-0.090028,-0.080410,0.062989,0.032960,0.081327,0.075697,-0.057042,-0.065889,-0.093827,-0.108609,0.026914,-0.101383,-0.024052,0.023467,0.094948,0.081115,-0.094765,0.033050,0.020780,-0.047289,-0.088289,-0.019497,-0.057465,-0.098700,-0.045159,-0.005444,-0.065951,0.048566,-0.108701,-0.095386,-0.074720,-0.118453,-0.095116,-0.021609,-0.021520,0.020672,0.093415,-0.081179,0.073329,0.109177,-0.124543,0.068672,0.043575,0.047774,0.092787,0.073572,-0.102906,-0.078421,0.062490,-0.161731,-0.047407,0.113472,-0.158399,-0.113933,0.066061,-0.104019,0.063406,-0.079173,0.102774,-0.100319,0.095009,-0.118515,-0.103873,0.033167,0.046214,-0.049900,0.071120,-0.090665,-0.052524,-0.046475,-0.039387,-0.031475,0.083590,-0.045526,-0.006995,0.029126,-0.072915,-0.033407,0.073080,0.039176,-0.068923,-0.115915,-0.031811,0.027244,0.039620,0.122394,-0.099631,0.092796,-0.057274,-0.039506,-0.103022,-0.078907,-0.066464,-0.113605,0.117100,0.129569,-0.121297,-0.035577,0.074881,-0.012989,-0.095771,0.044395,0.012355,0.049037,0.069977,0.106380,0.107780,0.002640,0.108078,-0.071805,-0.104360,0.020736,0.116206,0.105954,-0.095952,0.078990,0.078025,-0.087814,0.001771,0.111978,0.100303,0.094872,-0.044329,0.064413,0.094222,0.055333,-0.018633,0.052206,0.101613,0.104278,0.028730,0.044659,-0.116972,-0.030723,0.003957,-0.063367,-0.128907,-0.102591,-0.025617,0.062711,-0.089284,-0.046788,0.099839,-0.036417,0.018014,0.031042,0.004714,0.064600,-0.098225,-0.025575,-0.107416,-0.101811,-0.093903,-0.039617,-0.070597,-0.004932,-0.005919,0.095291,0.084460,-0.025446,-0.085189,0.104081,-0.074438,0.062155,0.025788,-0.042474,0.036164,-0.070891,-0.085059,-0.054269,0.004386,-0.062032,0.023830,0.123518,-0.007489,-0.081356,-0.006532,0.078860,-0.011166,0.075622,0.055390,-0.022399,-0.061393,-0.004740,-0.012775,0.078528,0.041503,-0.122135,-0.026105,-0.075701,0.034221,0.043476,0.020454,0.040869,-0.127538,-0.041479,-0.031062,0.155335,-0.043479,0.108806,-0.021243,-0.102352,0.034452,-0.075101,-0.034950,-0.112909,0.066641,-0.096971,-0.068581,-0.133395,-0.073126,0.107358,0.053629,-0.019488,0.042924,0.056157,-0.068659,-0.047910,0.119312,-0.038081,0.005852,0.111573,0.027015,0.050788,0.104756,-0.004971,0.066470,0.024124,0.118306,0.031641,-0.055897,0.110602,0.049586,-0.012701,-0.096075,-0.101035,0.027192,0.009845,0.042827,0.050142,0.008241,0.084605,-0.110191,0.001729,0.051392,0.062597,-0.082577,0.082312,0.112034,0.088889,0.131095,0.037315,0.088530,0.029043,-0.041361,-0.103254,-0.048272,0.092278,-0.072358,0.019322,0.067482,-0.196103,-0.070597,0.001065,0.114551,-0.001497,-0.150489,0.054327,0.072102,-0.050991,-0.046372,-0.031549,-0.117692,-0.070165,-0.060098,0.055983,-0.128643,-0.033702,0.023735,-0.071594,0.053124,0.103299,-0.026857,0.046082,0.035202,0.078718,-0.023788,0.033254,-0.096212,0.082669,0.086705,0.090024,-0.048430,0.134983,-0.103954,0.093570,0.073536,0.072181,0.042201,-0.012907,0.091545,0.028917,-0.022934,-0.047244,-0.125577,-0.030700,0.102288,0.019630,0.056207,-0.108082,-0.110759,0.101327,-0.055227,-0.021506,-0.004960,-0.008642,-0.037533,0.022799,-0.032242,-0.046408,0.001683,-0.048426,0.153092,0.012692,0.030968,-0.151118,0.030789,0.021564,0.076164,0.016276,-0.013905,-0.101005,-0.089913,0.086592,0.035252,0.095065,0.030584,-0.091934,-0.026213,0.105313,-0.122550,0.042996,-0.024106,0.044715,-0.054826,0.043988,-0.082787,-0.167530,0.100240,0.016036,0.126460,-0.076062,0.044182,-0.079665,0.070419,0.012233,0.105655,-0.130894,-0.022352,-0.029187,0.053317,-0.055277,-0.055179,0.055089,0.107869,-0.078871,-0.022069,0.094898,-0.038305,-0.058331,0.100859,-0.020114,-0.130327,-0.000087,0.030593,-0.100543,0.097466,-0.056861,-0.101233,0.069826,0.024268,-0.040097,0.095129,-0.021993,0.077605,-0.129477,0.010274,-0.017906,-0.062396,0.029864,-0.017893,0.084354,-0.108336,-0.094439,-0.145961,-0.134832,-0.124481,-0.061420,-0.080570,-0.102777,0.004127,-0.067898,-0.021089,-0.070551,0.064598,-0.059506,-0.103694,-0.028025,-0.015275,-0.045370,0.056917,-0.135638,-0.073938,-0.056410,0.021786,-0.070189,-0.066951,-0.048647,-0.093408,-0.063626,0.010178,-0.020977,0.056809,-0.036146,-0.137650,-0.135784,0.014903,-0.005255,-0.101021,-0.109840,-0.125186,-0.073623,-0.061019,-0.093723,-0.077716,0.043955,-0.010208,0.000982,-0.038727,-0.101641,0.053605,-0.122539,0.052809,-0.070505,0.033919,0.105216,0.020355,-0.078388,-0.161261,0.046483,0.065217,0.103888,0.097137,0.009687,0.080226,-0.114020,-0.040122,0.037947,-0.048774,-0.041212,-0.123419,-0.097639,0.003255,-0.095744,-0.065553,-0.052129,0.115149,-0.020651,-0.003919,0.112315,-0.056997,-0.006626,-0.038043,0.134396,0.084232,0.103822,0.026218,0.106923,-0.040987,0.108995,-0.080544,0.111082,0.076495,0.092895,-0.032538,-0.100523,0.015959,0.052231,0.051187,0.073634,0.018396,0.059622,-0.025866,0.049206,-0.001267,0.105979,0.107159,0.096920,0.046036,0.043075,-0.079974,-0.010368,-0.101323,0.063158,0.040416,0.148117,-0.019835,-0.087335,0.065265,0.102689,0.021015,0.068166,0.040587,-0.011946,0.046200,-0.063811,0.028146,-0.090573,0.160606,0.098464,-0.015986,0.150561,0.081555,0.025768,0.091825,-0.034640,-0.079832,0.069488,-0.023846,-0.017465,-0.051536,0.038505,-0.058185,0.093565,0.049538,-0.062477,0.117313,0.070633,-0.113391,0.081582,0.126477,-0.001797,-0.006108,0.018529,-0.077218,0.070691,0.014536,0.097715,-0.026307,-0.063683,0.005319,0.023706,-0.110009,0.014490,0.024491,0.137911,0.042840,0.015349,0.064318,-0.075677,-0.042339,0.114177,0.092182,-0.060664,-0.023785,0.027769,0.082057,0.061473,-0.013868,0.050848,0.068609,0.024327,0.031566,0.105048,0.102164,0.187450,0.095657,0.076287,0.006791,0.091616,0.037090,0.092864,0.005848,-0.017604,-0.108311,-0.057366,-0.080556,0.051030,-0.017063,-0.083249,-0.056059,0.072779,0.008018,-0.049132,-0.027229,0.031311,0.045935,0.001566,-0.082552,-0.008612,-0.107713,0.034589,0.115706,0.059956,-0.027756,-0.016795,0.022795,-0.020414,-0.017667,0.085892,-0.016435,-0.032482,0.074579,0.048846,-0.008287,0.013232,0.092468,-0.002804,-0.014647,-0.066646,-0.004732,-0.104470,-0.002640,0.030111,-0.047133,-0.053948,0.084734,-0.081242,0.058290,0.132738,0.129076,0.012555,-0.012398,-0.000828,0.090145,-0.094762,0.019544,-0.065268,-0.069915,-0.107396,-0.120502,-0.102105,-0.044156,0.029892,-0.021212,-0.022499,-0.048392,-0.016207,-0.102757,-0.051098,-0.001107,0.028768,0.012092,-0.032629,-0.023789,-0.050105,-0.071004,0.128517,-0.054165,-0.029814,-0.030280,-0.137598,-0.069427,0.049409,-0.083646,-0.070134,-0.054803,0.044572,0.080229,-0.075874,0.082338,-0.042131,-0.066406,0.073089,-0.077860,0.051358,0.023652,0.062507,0.053129,0.073790,-0.034028,-0.106955,0.066149,0.060263,-0.020066,-0.073239,0.055114,0.120520,0.098273,0.079059,-0.031090,-0.055331,0.104653,0.068253,0.004026,0.008689,0.067602,0.007101,0.059297,0.119060,-0.018877,0.015228,-0.009619,0.024335,0.101394,-0.098117,-0.055412,-0.090300,-0.084495,0.049184,-0.115962,0.085507,0.013911,-0.001648,-0.015716,0.090134,-0.153501,0.015834,0.097040,-0.005050,-0.094534,0.068493,-0.106359,0.120158,0.077308,-0.064115,0.015063,-0.068531,0.065261,-0.097979,-0.084203,-0.021331,0.022850,-0.027006,-0.035735,-0.025081,-0.115248,0.004481,-0.004383,0.095006,0.035210,-0.031770,0.112606,0.021202,0.063938,-0.092717,0.025460,0.148895,0.045707,-0.027433,-0.127123,0.070968,-0.012502,0.064112,-0.075184,0.111044,-0.112273,-0.046552,-0.066859,-0.067277,0.058912,-0.036856,0.049983,0.018144,0.060145,-0.097363,0.072923,0.019547,-0.073285,0.025300,0.102907,-0.074558,-0.040600,0.023357,0.009040,-0.108840,-0.143776,-0.125324,0.073141,-0.056958,0.061965,0.046678,0.016643,0.070848,0.123139,0.061406,-0.140695,0.074286,0.038096,0.054015,-0.044387,0.002026,-0.070816,-0.070567,0.103844,0.007095,0.069475,-0.051362,0.093953,0.104267,-0.085894,0.128236,-0.001374,0.031665,-0.102774,0.027594,-0.081398,-0.052534,-0.024165,0.069139,-0.045328,-0.103529,-0.008834,0.072172,0.019865,-0.065124,-0.063542,0.087352,0.000138,-0.153318,0.005120,-0.005593,-0.118417,-0.055433,-0.011529,-0.038456,0.051629,-0.088413,-0.144975,0.053584,0.056819,-0.047275,-0.003966,-0.036883,-0.047721,0.029807,0.007115,-0.038227,0.111483,0.032755,-0.070932,0.011172,-0.061780,-0.080672,-0.024071,0.038267,-0.047540,-0.002359,-0.013498,0.129454,0.040797,-0.020258,0.017662,0.046224,-0.118230,-0.092150,0.078489,-0.097470,-0.076752,0.077213,-0.062599,-0.075560,0.085549,0.004476,0.118816,-0.118012,-0.043107,0.002595,0.068777,0.082579,-0.032616,-0.054975,-0.118028,0.148724,-0.051987,-0.006340,0.027443,-0.053654,0.024852,0.061169,0.029224,0.081065,-0.041004,0.051921,0.127264,0.132084,0.051384,-0.040304,0.126754,0.030264,-0.005698,0.091609,0.017092,-0.033672,0.081616,-0.095168,-0.053620,0.102089,-0.025135,-0.054368,-0.144649,0.072306,0.096318,-0.040576,0.073353,0.056661,0.001290,0.056299,-0.040656,-0.056855,0.042126,-0.037267,-0.025240,-0.044387,-0.032129,-0.102813,-0.085498,-0.012928,-0.046480,-0.184580,-0.011900,0.008464,-0.084431,0.116899,0.023537,-0.078949,0.035837,0.134049,0.109393,-0.011497,-0.013633,0.079394,0.103510,0.071116,-0.056242,0.133218,-0.096842,0.104970,0.043634,0.036902,0.114103,0.107257,-0.047538,-0.069906,0.028484,-0.097920,-0.070024,0.053485,0.054607,0.121420,0.048979,0.026309,-0.034732,0.002666,-0.064777,0.016956,-0.073703,-0.023141,-0.111698,-0.000539,-0.111657,-0.051081,-0.050063,-0.128157,0.092396,-0.036640,-0.081581,-0.042199,-0.032432,-0.038279,-0.025633,-0.071703,-0.034294,0.108198,-0.130966,0.035779,-0.041332,0.057864,0.001191,-0.111309,-0.001370,0.056205,0.004326,-0.093944,0.047159,0.004662,-0.093939,0.027492,0.018777,0.066795,-0.064594,-0.067777,-0.097853,0.039683,-0.023029,0.039988,0.087445,-0.027406,0.112464,-0.014361,0.100713,-0.045447,0.089488,0.097171,0.062495,0.100032,0.121890,0.132135,-0.014550,0.053653,-0.051986,-0.073437,-0.064375,0.080626,0.077873,-0.046126,0.085537,-0.022316,-0.137784,0.089987,0.077955,0.108474,0.159584,0.160049,0.128575,0.122177,0.070282,-0.056999,0.033980,0.099693,-0.057252,0.092269,0.114056,-0.052344,-0.073760,0.082614,0.009563,0.094063,0.101562,-0.078093,-0.012945,-0.075200,0.079717,-0.024468,0.103972,0.118607,0.062280,0.056020,0.066062,0.003187,0.087569,-0.094563,-0.028578,-0.073002,-0.170894,0.005538,-0.112261,-0.102314,-0.081688,0.079724,0.053434,-0.013132,-0.030409,0.083148,0.071189,-0.007359,-0.135676,-0.081934,-0.140991,-0.155362,-0.105404,0.098633,0.119160,-0.118408,0.101964,0.050486,-0.092663,-0.091322,-0.121304,0.058827,-0.009697,-0.027771,0.038783,0.103572,-0.016636,-0.037523,0.115921,-0.034592,0.083035,-0.018508,-0.003427,-0.013053,0.079979,0.121535,0.015651,0.093781,0.020781,0.107640,0.078538,0.089690,-0.026918,-0.027106,0.070994,-0.052310,-0.010468,-0.051175,-0.040043,-0.081729,-0.020420,0.116688,0.140304,-0.121408,-0.089291,0.068283,0.066827,-0.029436,-0.048994,-0.007303,0.037013,-0.080137,0.013813,-0.072374,-0.039317,0.004423,0.053701,0.075964,0.016253,0.059900,0.023723,-0.027056,0.028252,0.100275,-0.049563,0.011117,-0.047833,-0.003143,0.043831,0.065823,-0.086471,0.073450,-0.021752,0.008214,-0.067486,0.055781,-0.071400,-0.093954,0.061282,-0.029935,-0.053864,-0.017474,-0.067480,-0.098769,0.032866,0.074007,-0.014708,0.055566,-0.034738,0.108024,0.086164,-0.083077,-0.085680,0.133787,-0.048338,0.049978,-0.119509,-0.029532,-0.086431,0.037912,-0.000171,-0.044133,0.030835,-0.102910,0.016938,-0.014361,-0.046482,-0.095594,-0.007070,0.093365,0.034617,-0.002505,0.046856,-0.031988,0.029332,-0.032545,0.028320,0.059949,-0.032845,0.073539,0.036932,0.103334,-0.101620,0.134186,0.119792,-0.004343,0.009672,0.133355,0.050931,-0.106534,0.061063,0.020467,0.073393,0.035456,0.035419,0.106066,-0.117495,0.143551,0.095450,-0.058530,0.010163,0.028649,-0.091060,0.083941,0.059565,0.054703,0.009237,0.035596,-0.047962,-0.020704,0.119365,0.044771,0.119321,0.046350,0.037949,0.015521,-0.013415,-0.043128,0.126406,0.055631,-0.024977,0.108862,-0.031569,0.097015,0.052265,0.005809,0.046233,-0.030712,-0.100561,0.017256,0.088886,0.051377,-0.056070,0.128101,0.087902,-0.056436,-0.065273,0.040544,0.099808,-0.055634,-0.059965,-0.035802,0.103666,-0.070619,0.078314,0.084973,0.040741,-0.068750,0.021891,-0.061576,-0.096360,-0.065897,0.002191,-0.000987,0.111130,0.018224,-0.060913,-0.088107,-0.111866,-0.008637,-0.142096,0.014683,0.002236,0.007440,0.033760,-0.005249,0.096625,0.089583,-0.066224,0.040127,-0.063969,0.082651,0.042585,-0.080054,0.060290,-0.099378,0.085677,-0.004648,-0.114191,-0.121316,-0.020274,-0.028894,0.061672,0.010364,-0.035785,0.039493,-0.114588,-0.159373,-0.020173,-0.134749,0.096384,0.004289,0.107965,0.082631,-0.083695,0.087094,-0.036205,0.013676,-0.022745,-0.052400,-0.027051,-0.115185,-0.017050,0.050757,0.052722,0.011291,-0.061777,-0.056389,-0.020092,-0.002128,-0.058378,0.072110,-0.040883,0.091110,-0.121555,-0.123195,0.046916,0.034479,0.075136,-0.012245,-0.146587,0.052851,0.046604,-0.016012,-0.025415,-0.022657,-0.017212,0.007916,0.016837,-0.001875,-0.091797,0.005065,0.080371,-0.115976,-0.130303,-0.018155,-0.067865,0.025886,0.031927,-0.106532,0.073659,-0.122096,0.049535,0.028065,0.018923,-0.018884,0.046133,0.043261,0.021810,0.010781,0.055463,-0.091166,0.033645,-0.048720,-0.038635,-0.049559,-0.006223,0.077541,0.012440,0.129284,0.102673,-0.009863,-0.006173,0.035254,-0.033522,0.008619,0.042390,-0.060790,0.031118,-0.019041,0.116100,0.072913,-0.050800,0.064966,0.099594,0.051815,0.045917,0.048144,-0.050350,-0.098565,-0.060523,-0.119205,-0.068082,0.132008,0.074323,-0.130120,0.124447,0.001659,0.000682,-0.129036,-0.069151,0.051028,-0.044538,0.102813,-0.105324,-0.079712,0.016481,0.031261,-0.094214,-0.128108,-0.009203,-0.034772,-0.108327,-0.058663,0.065843,0.065798,0.092204,-0.081620,-0.056497,-0.067803,0.055688,0.036549,-0.102439,0.119010,0.059280,0.062692,0.101431,0.042924,-0.024100,-0.017455,-0.009777,-0.064434,0.075088,0.010225,0.050647,-0.021569,0.019826,0.011173,0.110145,0.076490,-0.000699,0.082936,-0.051123,-0.072447,0.032509,-0.040868,-0.080490,-0.064079,-0.073717,-0.041934,-0.082365,0.004457,-0.107633,-0.097408,-0.087910,-0.074673,-0.080332,-0.058209,0.074806,-0.011139,0.014453,-0.029034,-0.061727,-0.052000,-0.076779,-0.005302,0.043303,-0.112069,-0.128954,-0.068232,-0.134771,0.123073,0.033616,0.087975,0.048336,0.123258,-0.006735,0.031665,0.006626,-0.011466,-0.046109,-0.091651,-0.083449,0.014843,0.040720,0.019140,0.040967,-0.076919,-0.012589,-0.128401,0.093617,-0.068106,-0.075542,-0.082238,-0.089380,0.106735,0.070822,-0.102395,-0.073357,0.021932,0.023471,0.011725,0.086099,0.012002,-0.013932,0.120025,-0.064934,-0.065692,0.113222,-0.073818,-0.001095,-0.145820,0.089368,0.035342,0.125970,0.042507,-0.094131,-0.097530,0.110131,0.006896,-0.128761,0.032080,-0.091650,-0.103519,-0.012152,0.041714,-0.080250,-0.050756,0.075610,0.024249,-0.157834,-0.016766,0.083868,0.031728,-0.098265,0.004023,0.083440,0.033553,-0.034582,-0.078898,0.039010,0.008688,-0.117552,-0.121622,-0.072769,-0.070450,-0.102534,-0.001939,0.043195,-0.071240,-0.036830,0.084090,-0.114273,-0.038653,0.080926,0.098290,-0.090479,-0.089858,0.027727,-0.028805,-0.117954,0.016152,0.038518,-0.011827,0.064482,0.020589,0.036597,0.070330,0.015412,-0.113965,-0.017543,-0.021378,0.087308,-0.093454,-0.062736,0.049235,0.098819,0.097952,0.117361,-0.013904,0.118287,0.016679,-0.054365,0.039019,-0.019171,0.018391,-0.042183,-0.028219,-0.106896,-0.092458,-0.002898,-0.071636,-0.112782,-0.103087,0.064343,0.076804,0.016091,-0.016164,-0.055252,-0.016284,-0.002644,0.065368,0.089332,-0.020037,-0.123731,0.012624,0.014677,-0.022606,-0.072272,-0.080422,0.040230,0.093091,0.105410,0.095018,-0.073981,-0.076202,0.101158,0.087800,0.076581,-0.085058,-0.054245,0.094479,0.071261,-0.090256,0.056439,0.051554,0.025247,-0.088000,0.010850,-0.062133,-0.081569,-0.044297,-0.037545,0.108760,0.123121,-0.046627,0.053524,0.120977,-0.038154,0.107121,0.008215,-0.010039,-0.042662,0.004148,0.018309,-0.081503,0.011661,0.118288,0.103713,-0.023201,0.034351,0.025586,-0.075709,0.007645,0.050941,-0.016627,0.002049,-0.083441,-0.119667,-0.136893,-0.014576,0.034900,-0.074899,0.059777,-0.078811,0.084347,0.054162,0.012720,-0.053438,0.049160,0.086541,0.076670,0.112986,0.065866,-0.092104,-0.012012,0.083829,0.096432,0.056652,0.122214,0.047463,0.094165,-0.075550,0.023085,-0.036646,0.060724,0.083039,-0.042333,0.093843,0.005609,0.018747,0.019399,0.053313,-0.031290,-0.074736,-0.006959,-0.008179,-0.006043,0.104773,-0.031347,0.092354,0.078651,-0.046700,-0.025616,0.062882,0.003320,0.079945,0.020746,0.113772,0.029517,0.065168,-0.013851,-0.098312,-0.055835,-0.151699,-0.067718,-0.036382,-0.037387,-0.051450,0.051229,0.034775,0.044892,-0.133671,-0.076238,0.036112,0.012857,0.064088,0.123643,0.045360,0.022745,-0.047374,-0.011928,-0.033657,0.019535,-0.062450,-0.049384,-0.077200,-0.018873,-0.011781,0.038781,0.081535,0.109747,-0.011484,0.099170,-0.046570,-0.086188,-0.015359,0.100074,-0.116878,-0.033367,-0.069522,-0.038361,0.090561,-0.029667,-0.064927,0.051972,0.079870,-0.102074,-0.026748,-0.033483,-0.000219,0.079277,0.064084,-0.082234,-0.007527,0.054752,-0.046457,-0.079350,0.010733,-0.087515,0.041110,0.019520,-0.106580,0.144449,0.125799,0.034148,-0.130122,-0.133165,-0.056166,-0.029633,0.011066,-0.115144,-0.008543,0.013904,0.071287,-0.053453,-0.044096,-0.046405,-0.061904,-0.092887,0.070015,-0.104324,-0.072954,-0.160669,-0.111915,0.098349,-0.062492,0.024089,0.046943,0.078838,-0.066121,-0.110279,-0.063295,-0.096120,-0.046357,-0.059211,-0.103608,-0.006119,-0.092623,-0.058994,0.051585,-0.009517,-0.060614,-0.091541,-0.010148,0.079773,-0.023299,-0.080461,-0.095612,-0.038198,0.010594,0.014048,0.007585,-0.029202,-0.051044,-0.118702,-0.037847,0.025452,0.039398,-0.138414,-0.108264,-0.074286,-0.125686,-0.066149,0.009005,0.004506,0.080475,-0.112586,0.015082,-0.142404,-0.030392,-0.123219,-0.079883,-0.101775,-0.109253,0.034594,0.099331,-0.008771,0.116015,-0.012175,0.045458,-0.018163,0.055027,0.073821,-0.104451,-0.039896,0.047616,-0.048312,-0.015948,-0.044282,0.093277,0.010586,0.115636,-0.082009,0.064294,-0.049719,-0.057149,0.124332,-0.085081,-0.023768,-0.015194,0.039248,0.029976,0.051510,0.105543,0.101280,0.036828,-0.082274,0.124501,-0.102379,0.095825,-0.070391,0.020328,-0.139840,0.007241,-0.036928,-0.015688,0.100085,-0.065549,0.051092,-0.099544,-0.034531,0.120504,-0.034681,-0.062176,-0.106665,0.100673,0.130550,-0.098673,0.073244,0.059566,-0.001884,-0.003861,-0.012379,0.011571,0.040754,-0.028178,-0.033328,-0.042428,0.058711,0.026981,0.114380,-0.007168,0.137299,-0.007269,-0.054466,0.007867,-0.051557,0.042192,-0.084498,-0.019721,-0.109569,0.033616,0.023132,0.055395,0.089559,-0.011650,0.018142,0.139877,-0.034377,0.076618,-0.016565,0.103640,-0.090451,-0.106066,0.063375,0.037543,0.088481,-0.056461,0.117396,0.038441,0.154045,0.050617,-0.027921,0.065448,-0.043981,0.061164,0.042038,0.091368,0.071428,0.031646,-0.008541,0.051986,0.080241,-0.053958,0.127033,-0.105013,-0.126247,-0.050442,0.021202,-0.005914,0.102513,0.119689,0.104862,0.046556,-0.080297,-0.067812,-0.002725,-0.086686,-0.086263,-0.121084,0.041497,0.067411,0.026403,-0.006690,0.100631,0.113875,-0.000084,-0.099814,-0.054308,0.073949,0.034365,-0.143098,-0.137232,-0.101218,0.055683,-0.022002,-0.022388,-0.032110,0.030642,0.022999,-0.139227,-0.008824,0.075861,0.018177,-0.067994,-0.075781,-0.039074,-0.130246,-0.057005,0.050789,0.098242,0.036447,-0.020560,0.086955,-0.094166,0.052011,-0.027793,0.007780,-0.136045,0.048936,-0.078503,0.019403,-0.010691,0.028503,0.039980,-0.080139,0.058687,-0.109423,0.128829,0.016732,0.088269,0.052348,-0.013030,0.102409,-0.024340,0.035389,-0.175937,0.153731,0.089776,0.090815,0.070588,0.108725,0.125292,-0.110334,-0.073243,-0.021636,0.010283,0.017840,-0.041308,0.042122,-0.115770,-0.067379,-0.054588,0.006425,-0.077444,0.096220,0.023819,0.056185,0.072017,0.067608,0.086086,0.111805,0.001498,0.106731,0.018752,0.051946,0.062488,-0.082944,0.096777,-0.123624,0.001739,-0.142262,0.060449,0.068601,-0.003207,0.052871,0.037584,0.051236,-0.044181,0.093157,0.095314,0.129891,-0.094366,-0.011295,-0.064855,-0.051923,0.046333,-0.045640,-0.014168,-0.117568,-0.091990,0.009428,0.085378,0.031170,-0.016308,0.030085,0.153757,-0.074093,-0.105000,0.085769,0.036648,0.082435,-0.025225,0.103248,-0.038906,-0.029814,-0.055576,-0.140196,0.055865,-0.009050,-0.005019,0.031086,0.074375,-0.027653,0.137366,0.018165,-0.077797,0.084372,0.053761,-0.029351,0.073122,0.054277,0.005504,-0.098814,-0.056546,0.076260,0.025718,0.057092,-0.141048,-0.040073,-0.006574,-0.040446,0.044429,-0.109963,-0.071126,0.034434,0.079410,0.067513,-0.105403,-0.106674,0.075641,0.093469,-0.099395,-0.018688,-0.049489,-0.039656,-0.028042,0.007711,-0.026829,-0.072521,-0.013114,-0.134708,-0.073963,0.006627,0.030923,-0.057813,0.009360,-0.088603,-0.046810,-0.089753,0.048457,-0.091886,0.026804,0.032780,0.065791,-0.051292,0.057152,0.122886,-0.057632,0.003427,0.018664,-0.032430,0.057222,0.068850,-0.118721,0.055755,0.072128,-0.090493,-0.012989,0.086348,0.161845,-0.049400,0.146338,-0.109938,0.058756,0.082278,-0.021943,-0.085239,0.041841,0.011460,0.083579,0.076848,-0.024930,0.113483,0.021034,0.047181,0.133967,-0.044742,0.076455,0.051319,0.050762,-0.097011,-0.072539,-0.097284,-0.059221,-0.032188,0.120361,-0.062692,-0.052152,0.022219,-0.126986,0.134772,0.121272,0.053776,0.062789,0.152570,-0.012640,-0.086551,0.016331,-0.171871,-0.070182,-0.124264,0.065853,0.015800,0.105658,0.120407,0.035282,0.127019,0.078204,0.115319,0.026151,-0.035632,-0.060498,-0.035406,0.009090,-0.103060,-0.089495,0.026201,0.024900,0.014760,0.107072,0.033831,-0.012269,0.056117,0.075636,0.094169,0.047810,0.110968,-0.006579,-0.068207,0.054561,-0.075831,0.106310,0.042279,0.041853,0.009586,0.067103,0.052134,0.049438,0.039609,-0.000702,-0.024742,0.106356,0.048873,0.055096,-0.046760,0.051529,-0.093032,0.018603,-0.083109,0.107256,-0.066469,-0.061535,0.055366,0.091145,-0.087380,0.059853,-0.064505,-0.046915,-0.030371,-0.130928,0.146740,-0.017456,-0.088588,-0.078733,-0.034124,0.089780,-0.130284,0.057101,0.017197,0.032010,0.001960,-0.040056,-0.074165,0.022334,0.006919,-0.099979,-0.074225,-0.120056,-0.084129,-0.090646,-0.049624,0.056056,-0.094433,0.044263,-0.020244,0.075074,-0.108027,0.097874,-0.023328,-0.064273,0.054946,0.056565,-0.042775,-0.078685,-0.100401,-0.119143,-0.063799,-0.015583,0.044462,-0.016185,0.062967,-0.006332,0.005379,-0.034641,0.026924,0.030222,-0.025676,-0.049420,0.077133,-0.043577,0.083045,-0.087278,0.149983,0.095940,-0.091804,0.058231,0.031801,0.040073,-0.021148,-0.085209,0.090917,-0.052966,0.174826,0.084847,0.091975,0.067577,0.062549,-0.140216,0.034276,0.061141,0.056163,0.023428,0.026473,0.040423,0.017851,-0.021718,0.061494,-0.038552,0.049625,-0.016765,-0.086754,0.100781,-0.086095,0.073183,0.005215,0.071168,0.003391,0.134607,0.028669,-0.073497,-0.094029,0.019111,0.141791,0.035700,0.012959,0.010602,-0.098032,0.117324,0.012286,0.057840,-0.079760,-0.092107,0.023437,-0.052580,0.041879,0.092633,0.033281,-0.071560,0.020381,0.093025,-0.025073,0.099136,0.061633,0.056613,0.089482,0.052088,0.073686,-0.046132,-0.007313,0.095640,0.083277,-0.106621,0.035534,0.048149,-0.039808,0.108575,-0.062946,0.060735,-0.080303,-0.052510,0.061947,0.049920,-0.062228,0.099043,-0.006818,0.060849,-0.071089,0.043125,0.120037,0.014364,0.037998,-0.103854,-0.096523,-0.057565,-0.013378,0.084423,-0.017762,-0.067769,-0.025271,0.044811,-0.064078,-0.102001,0.048045,-0.028518,0.140541,-0.018539,0.036526,-0.046168,0.095280,-0.106361,0.039663,-0.094550,0.114997,0.045549,-0.086871,0.033690,0.049424,0.087307,0.039860,0.048132,0.089519,-0.051855,0.126801,-0.062803,0.125022,0.095471,-0.089484,0.015234,0.086786,-0.008239,-0.061160,0.088466,-0.056901,-0.117468,-0.015951,-0.052206,-0.099735,-0.087822,0.099613,-0.013824,-0.061198,-0.016120,-0.048024,-0.073716,-0.059639,-0.137137,0.021924,-0.130696,-0.132270,0.026427,0.103990,0.017607,-0.039441,0.029845,0.042417,0.034868,0.036691,0.003922,0.003989,-0.052458,-0.067941,-0.006206,0.028952,0.128701,-0.107913,0.067235,0.108209,-0.025805,0.016358,0.069985,-0.029627,0.061277,-0.072138,-0.077867,0.049718,-0.010803,0.033745,-0.054287,0.038866,-0.059192,0.070249,-0.103362,-0.071224,-0.016587,0.104151,-0.047250,0.057508,-0.011537,0.047160,0.012207,-0.065864,0.003581,0.033942,0.078920,-0.003684,-0.089846,0.038635,-0.094746,0.062705,0.095384,-0.048202,-0.050163,-0.022270,0.105364,-0.071084,0.117489,0.034333,0.036130,-0.058421,0.011454,0.004315,0.018257,0.073805,0.005232,-0.029667,-0.042442,-0.116998,-0.114143,0.097640,-0.113936,-0.046448,0.025875,0.056774,-0.003581,-0.124612,0.085572,-0.075724,0.161425,0.025615,-0.007265,0.046092,0.107987,-0.097580,0.058914,0.133316,0.011849,0.122627,0.044067,0.083481,0.075182,-0.079589,-0.117241,-0.001360,-0.045510,0.041534,0.055819,0.104793,0.157980,0.100107,0.046899,-0.062149,-0.074840,0.082230,-0.012356,-0.021724,-0.016169,-0.112327,-0.114303,-0.115551,-0.091868,-0.083410,0.015414,0.151478,0.069041,0.088466,-0.015424,-0.022261,-0.005097,-0.031183,-0.020630,0.061040,0.073061,0.104742,-0.102331,0.039398,-0.040240,0.136903,-0.023775,-0.003886,-0.056895,0.038503,-0.055702,0.042234,-0.048796,0.088461,0.069350,0.129394,0.102173,0.090838,-0.089946,-0.041278,-0.041351,0.024266,-0.110798,-0.027285,0.001202,0.092548,0.136506,-0.027851,-0.012902,0.051130,-0.075500,0.021144,0.035391,0.117749,-0.065465,0.125424,0.126626,-0.082966,0.023600,-0.071940,-0.075543,-0.066531,-0.035852,0.059533,-0.196206,-0.080236,0.120181,0.046287,-0.050280,-0.075061,-0.002052,0.038939,0.114385,0.153444,0.167712,0.124915,0.064599,-0.045617,0.122416,-0.041443,0.025636,-0.041683,-0.013813,-0.075572,0.097426,0.127631,-0.100450,0.140459,0.022700,0.081579,0.093149,-0.056208,0.087321,0.133049,0.013048,-0.061963,0.017981,0.055034,-0.057741,0.010944,0.086738,-0.013413,0.097072,-0.083198,-0.066496,0.098162,-0.067999,0.112123,-0.112608,0.080626,-0.111754,0.073580,-0.004485,-0.018153,-0.016265,0.107590,0.113825,0.028521,0.122172,0.063543,0.025202,0.117203,0.014926,0.110989,0.040628,-0.073159,-0.050037,0.009073,-0.004107,-0.152724,-0.034396,0.127484,-0.114979,0.022853,0.116702,0.045996,0.042555,-0.093138,-0.024146,0.051565,-0.094549,-0.012860,-0.126369,0.009906,0.045848,0.096528,-0.017901,0.064830,0.064361,-0.023892,0.118630,-0.010827,0.087994,-0.080353,-0.069174,0.131487,0.026813,0.079543,-0.033078,-0.047256,0.034257,0.129222,-0.012770,-0.042065,-0.027169,0.063290,0.084139,0.138037,-0.053898,-0.006534,0.069941,0.125051,-0.071569,0.105727,-0.018751,-0.089367,-0.095078,-0.053195,-0.084185,-0.076310,0.016310,-0.106330,-0.102922,0.001533,-0.071391,0.062037,-0.021492,0.062067,-0.068290,0.121640,-0.084884,-0.178078,-0.059341,0.027899,-0.022669,-0.084830,0.045828,-0.026498,-0.072609,0.010163,0.011068,-0.118718,-0.068118,0.034100,-0.057285,0.001953,0.016958,-0.015597,0.130993,0.066555,-0.079641,0.094145,-0.048668,0.116858,-0.003076,0.065570,-0.074969,-0.078807,0.018647,0.000002,0.067912,-0.008904,0.116248,-0.054645,0.098018,0.001723,-0.074615,-0.077563,-0.015978,0.111223,0.009797,0.042303,-0.003282,0.094202,-0.064568,-0.086624,-0.073219,-0.080176,0.023987,-0.045156,-0.068743,0.047989,0.101767,-0.019469,0.008632,-0.039890,0.103497,0.088801,0.045214,-0.028933,0.056257,0.020522,-0.116559,-0.083516,0.094388,-0.106914,0.090404,-0.103951,0.096541,0.112754,-0.091242,0.072195,-0.008683,0.034377,0.027297,0.005448,0.047782,0.015843,-0.111648,-0.033210,0.005097,0.015401,-0.101575,0.119991,-0.008528,-0.018752,-0.088558,-0.028970,0.037108,-0.091578,-0.130725,0.072366,-0.052666,-0.061370,0.145606,0.018778,0.092293,-0.094153,0.063333,-0.081617,-0.020561,-0.006299,0.070764,-0.028588,0.052106,-0.007450,0.044549,-0.069721,0.061466,0.048439,0.033764,-0.040756,-0.027156,0.090249,-0.066623,0.035486,0.071001,-0.061173,-0.102855,0.025118,-0.145549,-0.003468,-0.098193,0.070273,-0.040138,-0.077354,0.177899,-0.012472,0.001553,-0.115000,0.001547,-0.030279,-0.068650,-0.085285,0.060979,-0.120691,0.019976,-0.078846,-0.089644,-0.059802,-0.086959,-0.078472,-0.026944,-0.085069,-0.011321,0.008970,0.014026,0.102006,-0.106351,0.077037,-0.003395,-0.112274,0.034409,-0.072515,-0.037002,-0.078196,0.095721,-0.044974,-0.018192,-0.069536,-0.004679,0.076912,-0.110156,-0.114515,-0.057410,-0.045911,-0.099654,0.034184,-0.044603,-0.098455,-0.039087,-0.055252,-0.015081,0.011985,0.018586,-0.030016,0.082866,-0.061153,-0.087225,-0.008364,-0.057378,-0.057985,0.053849,0.038147,-0.027781,-0.137530,0.096941,-0.130504,-0.031217,-0.007695,-0.015113,0.095305,-0.055281,0.040737,0.153050,0.160664,0.005888,0.109833,0.014919,0.018508,0.097954,-0.102085,-0.060962,0.022572,-0.050050,-0.052292,0.045890,-0.060349,-0.017969,-0.039174,0.035381,-0.036999,-0.087172,0.064797,-0.091127,0.090786,-0.113304,0.102254,0.119348,0.077026,0.055006,0.028816,0.076822,-0.100738,-0.079173,-0.053455,-0.082489,0.099423,-0.086118,0.020034,-0.144957,0.024543,0.062235,0.081139,-0.116134,-0.116607,0.043978,-0.088578,0.036344,0.044559,-0.023070,-0.009514,-0.081813,-0.147422,-0.148395,0.128465,-0.001170,-0.069672,-0.069055,0.134041,-0.100869,0.043074,-0.098327,-0.033160,-0.029107,-0.072289,-0.133150,-0.027272,0.134410,0.045968,-0.061914,-0.017466,0.041356,0.064421,-0.076239,0.064009,0.025997,-0.063320,0.044973,0.038415,-0.021690,-0.067227,-0.086391,0.082080,0.036236,0.006652,0.018450,-0.088467,-0.058344,-0.068047,-0.051808,0.061664,0.038599,0.131094,0.024445,0.113058,-0.066341,-0.076027,0.099751,0.058396,-0.014888,0.041979,0.007720,0.092208,-0.089334,0.088773,0.039636,0.032494,-0.097566,-0.021153,-0.013292,-0.101351,0.015229,0.082627,-0.010931,0.022882,-0.100410,0.017145,0.074138,0.105383,0.000949,0.062960,-0.093039,-0.001784,-0.066228,-0.027409,-0.040965,0.004884,-0.123694,-0.104772,-0.117228,0.054245,-0.113773,-0.081975,0.079272,-0.047194,-0.123743,0.056770,-0.061491,0.071901,0.103010,0.065490,-0.093547,0.023555,0.060494,0.033659,-0.033347,0.016629,0.026915,0.057203,-0.021765,-0.074650,-0.049461,0.060969,-0.077092,-0.055260,0.088135,-0.001119,-0.058342,0.061387,-0.089868,-0.055059,0.049445,0.092443,-0.011664,0.082505,-0.076392,0.111795,-0.040998,-0.106388,-0.084362,-0.038830,-0.152213,0.100221,0.082305,0.037411,-0.013466,0.110056,0.100375,-0.001001,0.071984,-0.083675,-0.093626,0.131716,0.093861,-0.021931,-0.057094,0.093985,0.027899,-0.084663,0.081460,0.008047,-0.124315,0.108156,0.084774,-0.077881,-0.057572,0.051071,0.062841,0.017847,-0.126209,-0.006348,0.097543,0.106998,0.016452,0.034083,-0.086470,0.005165,-0.020075,-0.114701,-0.015823,0.017357,-0.110790,0.101842,0.062348,0.008315,-0.075069,-0.009236,-0.062657,-0.031101,0.126646,-0.042458,0.143293,0.068121,-0.104764,-0.103564,0.065458,-0.049927,0.049651,0.002103,-0.068791,-0.054618,-0.061327,-0.052709,-0.046806,0.034600,0.070523,-0.124770,0.024384,-0.118644,-0.177482,0.005515,-0.161455,-0.046111,0.040582,0.066340,-0.135557,0.036837,0.099658,-0.081912,0.001716,0.053904,-0.161927,-0.095668,-0.074988,0.022931,-0.089833,-0.162498,-0.070809,0.020483,-0.131532,-0.135999,-0.101188,-0.151932,-0.002493,-0.050059,0.082722,-0.070032,0.060527,-0.094190,-0.113426,-0.118875,-0.060268,-0.023717,0.070182,-0.119064,0.009121,-0.015471,0.013665,-0.028013,0.028688,0.068602,-0.115335,0.026052,-0.000271,-0.079694,-0.130648,0.052203,-0.097717,-0.156893,0.031885,-0.008292,-0.119977,-0.120948,0.050921,-0.089463,0.061064,0.071613,0.011555,-0.109723,0.061954,0.022161,0.017141,-0.015725,0.018549,-0.041935,0.091474,0.136026,-0.047401,0.136163,0.116898,0.021146,0.012743,-0.034889,0.028168,0.015757,0.097045,0.076503,-0.006492,-0.041596,0.052234,-0.038139,-0.068037,-0.031927,0.023949,0.001505,0.072261,-0.012530,0.054376,0.016650,-0.058821,-0.098053,0.070554,-0.094372,-0.064039,0.022336,0.078885,-0.132909,-0.061983,-0.121734,0.050061,-0.049736,-0.014321,-0.134235,-0.113506,0.083971,0.031729,-0.093852,-0.076173,-0.063349,0.098668,0.077271,-0.046853,-0.034149,0.049982,0.031245,0.106763,-0.014106,0.114846,0.024574,0.099728,-0.113615,-0.005144,-0.019099,-0.037766,0.047069,0.130343,0.127062,-0.098434,-0.018325,-0.072179,0.025338,-0.104553,-0.047658,-0.052311,-0.004328,0.034232,0.016420,-0.086338,0.093071,-0.014486,-0.051792,-0.086029,0.025619,-0.015027,-0.114608,-0.000050,0.138657,-0.014244,0.130207,-0.091888,-0.075847,-0.100157,0.005494,0.036019,0.084983,-0.100676,-0.056737,0.023094,0.144576,0.101057,-0.009554,0.022851,0.105059,0.044891,0.092647,0.082241,0.113622,0.011199,0.004467,0.063955,0.021693,-0.061459,0.095998,0.026373,0.092806,-0.112887,-0.081740,-0.010417,0.096114,-0.073545,0.005363,0.041144,-0.090288,0.087005,0.020672,0.074098,-0.065761,0.003055,-0.104455,0.031953,-0.002524,-0.072299,0.054239,-0.120686,-0.088842,0.038218,0.121655,-0.056791,0.112633,0.120581,0.040317,0.072787,0.105596,0.031278,0.113848,0.010117,0.123566,0.111006,-0.008836,0.041190,0.084169,0.144919,0.074746,0.106287,0.007231,0.055143,0.156196,-0.002523,0.086355,0.036413,-0.020183,0.142225,-0.044934,0.100864,-0.012246,0.155265,-0.015610,0.082176,0.075002,0.094693,0.018406,-0.087906,0.054228,-0.097147,0.115788,0.055444,-0.091777,-0.023025,0.003991,0.076439,0.118020,-0.009351,0.036788,0.048130,0.035424,0.075242,-0.009386,-0.039799,0.007192,-0.111470,-0.003468,-0.131543,0.038859,-0.011930,-0.047960,0.018822,0.029480,0.102461,0.068617,0.104204,-0.002223,0.072922,0.030740,0.102632,-0.083554,0.090920,0.006170,0.088078,-0.003037,0.010801,0.033523,-0.007018,0.083404,-0.080719,0.111460,-0.013231,-0.076258,-0.065727,0.035366,-0.000695,-0.016327,-0.022006,-0.055469,-0.031707,0.101304,-0.072785,0.068771,-0.034180,0.033900,0.124039,0.002108,0.082999,0.088506,0.046242,-0.100110,-0.029764,-0.021172,0.043839,0.104807,0.082551,0.062102,0.112039,0.074203,-0.074487,0.000671,-0.095071,0.021112,0.070063,0.009593,0.111936,0.012011,0.055216,0.050558,0.109632,-0.003356,0.067258,0.005030,0.009629,0.093321,-0.069507,0.005307,0.072548,0.054362,-0.100074,-0.088209,0.039498,0.080873,-0.028187,-0.000900,0.049150,0.016926,-0.015124,0.060732,0.019369,0.004577,0.061553,0.038476,0.013287,0.039761,-0.073039,0.020524,0.089654,0.088522,0.091628,0.026313,-0.093394,-0.085071,0.031643,0.088228,-0.074175,-0.068062,-0.062288,-0.107034,-0.013820,0.122617,-0.116316,-0.020603,0.027917,-0.023363,-0.015069,-0.004549,-0.105245,-0.014864,0.021904,0.067362,-0.052432,0.009626,0.026875,-0.035160,-0.074776,-0.046421,-0.117088,-0.166975,0.073327,-0.059014,0.052108,-0.034025,0.004324,0.071738,0.122056,-0.096724,0.091694,-0.061397,0.076091,-0.047549,-0.008676,-0.004686,0.013157,0.086795,0.103202,-0.000525,0.033707,-0.046421,0.102017,0.023494,0.018749,-0.006028,0.112584,-0.045433,0.053690,-0.114224,-0.064957,-0.011178,-0.013383,-0.054215,0.033552,-0.043172,0.043389,-0.036340,-0.003653,-0.100127,-0.107464,0.045501,-0.014568,-0.047949,-0.006648,-0.041204,0.076377,0.037879,-0.055482,0.115832,0.054538,0.083828,-0.005310,0.136598,-0.061384,-0.032192,0.028744,-0.011926,-0.053864,-0.058153,0.031550,-0.041061,0.001494,0.007166,-0.026451,0.047085,-0.041756,0.065330,0.061662,0.078514,-0.031442,0.030650,-0.102632,0.021797,-0.003214,-0.071569,-0.087175,-0.116893,-0.018198,0.049497,0.103128,0.024670,0.106345,-0.108662,-0.000515,0.018202,0.063147,-0.044023,0.041531,0.029807,0.108376,0.070566,0.011667,0.045496,0.094244,-0.007652,0.103449,-0.055673,0.045301,0.018735,0.164705,-0.054615,-0.087291,0.061355,-0.008228,-0.098031,-0.038875,-0.077129,-0.126795,-0.088317,-0.074408,0.070346,-0.132902,-0.046576,0.081178,-0.062864,-0.098644,-0.031518,-0.048659,-0.005914,0.005898,-0.138679,0.002773,-0.009324,-0.118633,0.081708,0.008300,-0.113033,-0.065726,-0.073992,0.107861,-0.078722,0.035493,-0.000089,0.053578,0.007898,-0.143455,0.060948,-0.106346,0.078107,0.044016,0.151329,-0.058514,0.059488,-0.000682,0.004851,0.011746,-0.011430,-0.052905,0.051423,0.019120,0.052472,-0.039894,-0.037971,0.015656,0.069434,0.153691,0.125062,0.079636,0.139917,-0.022615,-0.041880,0.016496,-0.082599,-0.143112,0.125674,0.099803,0.001348,-0.029756,0.074771,0.071269,0.024616,0.130668,0.119026,0.091091,0.074064,0.001577,0.050365,0.018057,0.057811,0.049379,-0.000724,-0.130670,0.081247,0.068220,-0.089530,-0.108468,-0.016014,0.083397,-0.086014,0.136445,0.090898,0.082721,-0.084086,0.127333,-0.093986,-0.018226,-0.007788,0.087413,-0.013663,0.038174,-0.077998,-0.046356,-0.040888,-0.059071,-0.060984,0.038362,-0.024968,0.079976,0.150928,0.058220,-0.106534,-0.016594,-0.106426,-0.086569,0.028978,0.072909,0.095438,0.085868,0.130251,0.134978,0.113240,-0.010385,0.059132,0.074713,0.143957,0.003346,-0.059733,-0.019827,-0.070598,0.032877,0.079760,0.006053,0.046593,-0.048817,-0.050816,-0.065350,0.028037,-0.067877,-0.117099,-0.084688,-0.053145,-0.003773,0.115113,-0.143965,-0.091587,0.014682,0.079839,-0.124712,-0.100935,-0.059807,-0.102542,0.030362,-0.005720,0.054733,-0.025773,0.045347,0.031673,0.092145,-0.034845,0.080976,-0.033591,0.039642,-0.066943,-0.073789,-0.145827,-0.080220,0.048210,-0.021260,0.101084,0.091366,0.073489,-0.126659,0.058963,0.059434,-0.094644,-0.098661,-0.036099,0.058578,-0.004572,0.030893,-0.143421,0.094004,-0.084213,-0.007194,-0.110835,-0.118201,-0.037037,0.126483,-0.012099,-0.083631,-0.036960
WEIGHTS1=0.109113,0.088029,-0.106238,-0.035694,0.057480,-0.025240,-0.024340,0.049202,0.001128,-0.021956,0.074792,-0.033588,0.072612,0.083263,-0.040321,-0.076174,0.141359,-0.108117,-0.071845,0.132776,-0.026413,-0.084591,0.022590,0.067859,0.075452,-0.075025,-0.073354,-0.009417,0.074653,0.002080,-0.013681,-0.081463,0.011654,0.079769,-0.035641,0.079901,-0.114007,-0.110729,0.096006,-0.032249,-0.136546,0.076113,-0.156264,-0.065469,0.026227,-0.110576,0.124152,-0.034830,-0.021173,-0.119679,-0.041072,-0.120330,-0.051834,0.092887,0.049390,-0.068448,-0.089025,-0.015780,0.039937,0.052742,0.007579,0.046147,0.025261,0.044185,0.018265,-0.024348,0.082897,0.074165,-0.044700,0.074984,-0.097619,-0.014441,-0.097711,-0.069744,-0.126688,0.089324,-0.142045,0.041561,-0.058706,0.005221,0.022673,-0.051363,-0.077556,-0.086105,-0.103042,-0.033735,0.082675,-0.031793,0.082925,-0.097425,0.047205,0.104714,0.057899,-0.041539,0.121333,-0.017608,0.021679,-0.023510,0.004254,-0.083162,0.093358,-0.089277,0.159601,0.027029,0.053039,0.132860,-0.026604,-0.066038,0.000252,-0.051053,0.139296,-0.060351,0.101562,-0.060210,0.099993,0.120406,0.013702,0.065223,-0.071748,0.083536,0.040376,0.055919,-0.029196,-0.048819,0.012327,0.079443,0.095890,-0.050761,0.018091,-0.072539,-0.073441,0.084581,-0.060376,-0.017819,-0.004774,0.103031,0.056374,-0.071876,0.072672,0.071289,0.076870,0.037496,-0.111173,0.007920,-0.105721,-0.115143,-0.015957,0.022281,0.064808,0.128038,0.085846,0.051272,0.037179,0.112172,0.043117,-0.053341,0.022561,0.049209,0.106184,0.041718,0.038777,0.004824,0.027677,0.084114,-0.021021,0.087378,-0.101296,-0.004315,0.052702,-0.030690,-0.071230,-0.064421,-0.045725,0.082676,-0.055330,0.038410,-0.077560,-0.045871,-0.031942,-0.026437,0.038015,-0.018872,-0.078127,-0.107674,-0.016638,0.045409,-0.097322,-0.026663,0.115703,-0.026212,0.064643,-0.029652,0.057825,-0.023923,-0.122460,0.071047,0.099303,0.062994,-0.040328,-0.008208,-0.060476,-0.025656,0.084119,0.003014,0.008036,-0.041552,-0.080834,0.046411,-0.096627,-0.127052,0.122582,0.131069,0.104192,-0.018053,0.016350,0.049732,0.107720,0.039481,-0.091454,0.095407,0.018719,-0.101374,0.120461,-0.065820,-0.034334,0.007240,0.075455,0.011175,-0.100855,-0.158613,0.059224,0.095175,0.111000,-0.028093,-0.057251,-0.089223,-0.083406,-0.058318,0.038286,0.032881,-0.080813,0.103448,-0.082551,0.053726,0.023286,-0.024766,0.050540,0.046418,-0.095896,0.099558,0.098986,0.031693,-0.120879,0.018396,-0.002527,0.047063,-0.096020,-0.094090,0.010528,-0.039521,-0.020855,0.057332,-0.013240,0.065346,-0.048948,-0.126580,-0.028650,-0.020330,0.063719,-0.095568,-0.037165,0.075089,-0.063359,0.011091,0.007003,0.067383,-0.034714,0.069392,-0.009540,0.118600,-0.109544,0.014524,0.083068,0.018262,0.009876,0.078979,-0.103227,-0.022951,0.005664,-0.017016,-0.117787,0.017531,-0.087403,0.027382,0.031797,-0.008263,-0.127334,-0.021832,0.090338,-0.003019,-0.031781,0.017647,0.108350,0.001718,0.030199,-0.101912,0.086350,0.114727,0.017712,0.064548,-0.086118,0.069646,0.078255,-0.077276,0.023541,0.044696,-0.085024,0.042219,-0.014419,0.089777,0.026450,-0.047613,0.059780,-0.056403,0.050282,0.085473,-0.016566,0.033311,-0.062210,-0.000287,-0.065626,-0.101607,0.088219,-0.104750,-0.093277,0.115122,-0.032768,-0.110481,0.028529,0.097871,0.015019,0.048878,0.092066,-0.045763,-0.067802,0.019181,-0.003150,-0.054750,-0.067158,-0.028777,0.037807,-0.087095,-0.084650,-0.073366,-0.052787,0.136746,0.077979,-0.032852,0.104747,-0.087095,-0.021265,-0.099629,-0.079181,-0.051907,0.017285,0.110068,0.133833,-0.094669,0.045447,0.053657,-0.022785,0.047926,0.002130,-0.139608,0.076706,-0.000641,-0.094193,-0.008185,0.030458,-0.050312,-0.099202,-0.019863,0.031920,0.142149,0.057074,0.009155,0.017913,0.122182,-0.121599,0.125025,-0.065744,0.141232,-0.004390,0.074847,-0.124081,-0.058241,0.106418,-0.028098,-0.041541,-0.012198,-0.002806,-0.105181,-0.022368,-0.117309,-0.018192,0.070277,0.037324,-0.040690,0.000459,0.101893,0.106904,-0.127703,-0.094102,0.080554,-0.021108,-0.057226,-0.096528,0.061527,-0.067486,-0.033242,0.033354,-0.035781,-0.113688,-0.137336,-0.072903,-0.068736,-0.057393,-0.026722,0.020616,0.000401,0.089790,0.064290,-0.070911,-0.024703,-0.017969,0.028056,-0.161437,0.075244,-0.075625,-0.085241,-0.070329,-0.024045,0.048061,0.002784,-0.026311,0.050578,-0.008732,0.066937,-0.037438,0.007526,0.018416,-0.092352,-0.057372,0.013012,-0.084533,0.016713,-0.005300,0.085415,0.039670,0.096879,-0.082249,-0.039755,0.066743,-0.086549,0.029490,0.124180,-0.096742,-0.003214,0.085283,-0.082375,-0.107949,0.039295,0.099620,0.083617,-0.005985,0.021558,0.090476,-0.089177,0.089242,-0.001975,-0.077724,-0.092375,-0.019451,0.021169,0.014194,-0.023606,0.051490,-0.017092,0.039784,0.067945,0.122101,-0.006775,0.095378,-0.019200,0.043731,-0.055929,-0.046279,0.120300,0.115343,-0.103116,0.006042,-0.042301,-0.087070,-0.028724,-0.022198,-0.033787,-0.024937,0.014959,-0.054247,0.025510,-0.017966,-0.086386,-0.078808,-0.116295,-0.052872,-0.074387,-0.071405,0.067382,-0.108110,0.033992,0.048594,-0.081251,-0.033368,-0.027324,0.107810,0.068544,0.001888,0.059407,0.032486,-0.119980,-0.113449,-0.088736,-0.016297,-0.125518,-0.011234,-0.008204,0.111296,0.081849,0.070616,0.032261,0.101183,-0.028817,-0.065530,-0.004148,0.059156,0.032123,0.047534,0.007526,-0.046788,0.011579,0.038726,0.047914,-0.018950,-0.041975,-0.049363,-0.027983,0.012900,0.071194,-0.080693,0.065692,0.113627,-0.008315,0.035613,0.101616,0.042307,0.116814,-0.040011,-0.048018,-0.063007,0.031397,-0.102360,-0.051142,-0.008602,-0.007617,0.036843,-0.093224,0.035167,0.057175,0.086615,-0.115391,0.067699,-0.006195,0.000798,-0.072351,0.060863,-0.111019,0.079986,-0.099801,-0.124496,0.015067,0.073922,-0.126549,0.083320,0.112982,-0.012550,-0.064801,-0.122792,-0.072336,-0.048191,-0.105958,0.009269,-0.037604,-0.107689,0.021214,0.033176,0.039404,0.030549,-0.019334,-0.054598,0.005580,-0.100994,-0.045905,-0.099823,-0.083377,0.146541,0.126282,0.035428,-0.064672,0.146895,-0.014382,-0.080823,0.076839,0.023274,0.023902,0.012259,0.081423,0.133191,0.069222,0.067338,0.013181,-0.117354,0.057579,-0.079724,0.066680,0.074904,0.116525,0.089691,-0.028591,-0.023564,0.007010,-0.090576,0.056029,0.110311,-0.135928,0.094526,-0.042307,-0.040297,-0.093067,-0.098850,0.093875,0.084551,-0.073694,0.093196,0.045072,0.010128,0.033156,-0.063051,0.003727,0.044938,-0.123739,0.111185,0.081993,0.013668,-0.082604,0.059901,0.029495,-0.047045,0.105522,-0.050033,-0.143178,0.022376,0.091680,-0.104545,-0.036722,0.127422,0.116176,0.043482,0.033455,0.057032,0.068599,-0.088286,0.004724,-0.052417,-0.127163,0.009020,-0.115058,0.077711,0.111569,-0.107330,0.069213,0.006320,-0.000159,0.096985,0.022171,0.007243,-0.096533,-0.094290,-0.038930,-0.005852,0.033862,0.061107,-0.104409,-0.058607,-0.056966,-0.030032,-0.092561,0.110276,0.057616,0.096847,0.118680,0.107693,0.098918,-0.098727,-0.102659,-0.093742,0.058309,0.042824,0.088421,-0.039801,-0.131306,-0.051325,0.072861,-0.072403,-0.038793,0.129014,-0.083094,-0.114877,-0.035429,0.130196,0.046183,0.045076,0.051398,0.044591,-0.094060,-0.140165,-0.098653,0.038495,0.114034,-0.013215,-0.061765,0.043089,0.026951,0.027633,-0.102124,-0.025439,0.068716,0.078348,-0.059733,-0.082928,-0.049665,0.128599,-0.111427,0.039054,0.075135,-0.029363,0.111002,0.056977,0.046588,-0.076199,-0.094859,-0.092824,0.025829,0.003939,-0.005843,0.110890,0.009181,0.052670,-0.006395,0.113987,-0.049198,0.030545,-0.057262,0.004259,-0.035237,0.013835,0.007844,-0.104887,0.089469,-0.088585,-0.092204,-0.086589,0.107055,0.046911,0.052895,-0.098995,0.061657,0.063832,-0.067768,0.107419,0.009669,-0.025245,0.001226,-0.047105,0.003639,-0.097584,-0.033086,-0.124801,-0.064935,0.024236,0.108184,-0.065177,0.105774,0.040244,0.032113,0.018614,0.018959,0.035042,-0.011846,-0.011706,-0.053584,0.006808,0.065828,-0.019072,-0.042532,0.085725,0.017729,-0.011575,-0.090796,-0.097893,0.043599,-0.087412,0.032316,0.106171,0.026863,0.046688,0.057094,0.005571,0.094850,-0.095095,-0.077564,-0.017336,-0.054190,-0.011313,0.055110,-0.117238,-0.068813,0.065490,0.048743,-0.001279,-0.086087,-0.074032,0.015664,-0.048681,0.043433,0.063071,0.111669,-0.048677,0.040984,0.087688,0.102951,-0.053576,0.060370,-0.038944,0.095829,-0.135300,0.040238,-0.043243,0.005874,0.038211,-0.029792,0.062033,0.010839,-0.074504,-0.019868,-0.022031,-0.094482,-0.015672,-0.035264,0.030253,-0.147462,-0.184584,0.055319,0.071030,-0.106680,-0.037032,-0.113703,-0.061074,0.018892,-0.049288,0.096675,-0.035174,0.129025,0.077437,-0.120971,-0.086587,-0.035352,0.045704,0.007823,-0.130846,-0.108627,0.164184,0.048413,0.051790,-0.007445,0.006311,0.057262,0.061882,0.031014,-0.038950,0.105007,-0.141542,-0.031445,0.037954,0.012180,0.068132,-0.044923,-0.073471,0.122573,-0.069418,-0.007480,-0.092046,0.052209,0.054219,0.015209,0.035190,-0.006823,-0.087477,0.103962,0.011370,0.007830,0.004041,-0.024282,-0.085794,-0.041472,0.076384,-0.003792,0.039339,0.086156,0.130097,-0.005374,-0.099730,-0.078293,0.123839,-0.037444,-0.115969,-0.101371,-0.075515,-0.049496,0.074470,0.052638,0.018307,0.028892,-0.027172,0.088380,0.072397,0.018469,0.088448,0.060264,-0.043368,-0.092300,-0.116516,-0.029216,0.037875,0.083520,-0.098423,0.030431,-0.027267,0.024710,-0.048294,0.066131,-0.095046,0.077303,-0.096557,-0.096544,0.019851,0.035207,-0.026109,-0.033300,-0.034789,-0.033071,-0.024211,0.033329,-0.075236,-0.072486,-0.000377,-0.124779,0.098253,-0.094680,0.034101,0.013862,0.087304,0.105271,0.101626,-0.127284,-0.055043,-0.064122,0.082809,-0.031725,-0.075579,-0.003839,0.041847,0.013613,-0.058005,-0.125181,0.021064,0.004604,0.111797,0.128919,0.102834,0.023593,-0.099338,0.045265,0.042737,-0.132907,-0.008404,-0.025599,0.062896,-0.129120,0.089173,0.084280,0.118548,0.013768,0.084183,-0.053584,0.002702,0.091118,0.017045,-0.074042,-0.044807,-0.011456,0.114780,-0.067474,0.020329,-0.025344,0.057552,-0.110264,0.036013,-0.077111,0.061113,0.083184,-0.039505,-0.028687,0.060469,-0.108342,0.083423,0.082236,-0.052314,0.020551,-0.088907,0.026592,-0.030609,-0.011751,-0.066392,0.080608,-0.025259,-0.053941,-0.107530,0.053207,0.047218,0.002254,-0.052431,0.089195,-0.029673,-0.011670,0.050532,0.047172,0.080764,-0.045577,-0.014824,0.003692,0.039127,0.063177,0.108967,0.039529,-0.112081,-0.053691,-0.029737,-0.042126,-0.117700,0.016930,-0.023345,0.058740,0.040011,0.032754,-0.030333,0.012021,-0.091739,-0.028468,0.108854,0.085761,-0.074327,-0.001881,0.105148,0.017334,-0.076233,-0.075568,-0.077750,-0.089638,0.012206,-0.066922,0.095880,-0.078510,-0.078782,-0.022372,-0.106599,-0.051629,0.011820,0.090387,-0.093495,-0.097406,0.064495,0.070093,0.027423,0.083008,-0.063349,-0.043738,-0.057170,0.044342,-0.028952,0.035444,-0.102488,0.066619,-0.053367,-0.019612,-0.036168,0.050953,0.063468,-0.099864,0.000256,-0.020140,0.112232,0.013385,-0.013428,0.044412,-0.011328,-0.008614,-0.056035,0.120320,-0.073045,-0.065470,0.076453,-0.065945,-0.094210,-0.045060,0.084423,-0.099000,0.014696,-0.042253,0.032030,-0.089216,-0.052470,-0.110464,0.034970,-0.053270,0.040359,-0.095312,0.075431,-0.024775,-0.051607,-0.091655,-0.081948,0.032450,-0.055150,-0.065653,-0.041208,-0.108148,-0.013685,0.015102,-0.078530,0.114721,-0.102289,-0.051648,0.001662,0.001555,-0.003808,0.007538,-0.013294,-0.086930,-0.115483,0.054101,0.118421,0.007020,0.122266,0.060454,-0.076753,-0.057625,-0.075876,-0.140333,-0.110795,-0.029467,-0.077015,0.050650,-0.013800,0.009360,-0.014785,-0.116587,0.088945,-0.091353,-0.099475,-0.081607,-0.126299,0.073647,-0.105512,-0.107611,0.077245,0.124382,0.039489,-0.082936,-0.057333,0.009975,0.058417,0.041209,0.017636,-0.039217,0.090629,-0.047732,0.125271,0.078105,0.004335,0.009958,0.134786,-0.063155,0.098689,-0.116732,0.087686,-0.028477,0.003278,0.026535,0.096242,0.113434,0.100844,0.042246,-0.082220,0.083768,-0.043984,0.098558,0.035830,-0.023475,-0.107793,-0.090991,-0.025657,0.038547,-0.118416,-0.089921,-0.093027,-0.001202,0.039143,0.066696,0.151106,-0.034200,0.011881,0.079529,0.051411,0.086607,-0.101638,0.057794,-0.040283,0.011005,0.058160,-0.034033,0.015615,-0.095072,0.055809,0.078166,0.069501,0.063346,0.047631,-0.038803,0.081033,0.062232,-0.023660,0.014906,0.032531,0.074640,-0.018811,0.039546,0.031199,0.018045,0.055376,-0.045105,-0.040495,0.044183,-0.092629,-0.098752,0.012121,0.094670,-0.039204,0.031160,-0.071658,-0.091645,0.089975,0.086683,-0.040041,-0.003457,-0.078838,0.070631,-0.057691,-0.124535,-0.106438,0.056652,0.086436,-0.043401,0.024156,-0.122489,-0.071978,-0.009008,-0.107114,-0.014198,-0.101310,-0.014841,-0.089195,0.096988,0.041362,0.069206,-0.132453,-0.116951,0.077822,0.088645,0.007788,0.051232,-0.113189,-0.004651,-0.006009,-0.102595,0.020057,0.044302,0.101604,-0.079181,0.030141,0.075204,0.031997,-0.099282,0.074055,-0.033225,0.073291,-0.134819,-0.117030,-0.027320,0.097001,0.094995,-0.028207,-0.022371,0.075145,0.037215,-0.028554,0.023346,0.038643,-0.020535,0.070204,0.009272,0.149070,0.100254,-0.090357,-0.063267,0.038033,-0.106479,0.054449,0.116626,-0.044710,0.067621,0.059871,0.024268,-0.082386,0.121182,-0.061077,-0.097826,0.070627,0.027308,0.076291,0.101416,-0.061289,-0.001816,0.073509,0.009073,0.070665,0.094070,0.037050,0.102652,0.063910,0.001275,-0.082783,-0.080016,-0.041824,-0.011118,0.046291,-0.056681,-0.095822,0.015180,0.044329,0.080455,-0.072289,0.122598,-0.085188,-0.071790,0.069304,-0.080556,0.103650,-0.065668,-0.015742,-0.028813,0.084370,0.080916,-0.037999,-0.050741,-0.071033,0.038968,0.074965,0.088093,0.015396,0.050536,0.084026,0.016600,0.058950,0.113475,-0.043885,0.121978,-0.027349,0.100935,0.030473,0.055138,0.100027,0.031675,0.012281,-0.155584,0.033703,0.101649,0.040312,0.050367,0.018001,-0.065182,0.039634,-0.117155,-0.072397,0.091608,0.021052,-0.075686,-0.059423,0.053606,0.008857,0.012165,0.018737,-0.086521,-0.133763,-0.089354,0.006357,-0.005866,0.055066,0.058897,-0.054513,0.058292,-0.007105,-0.119871,0.103908,0.036195,-0.073035,-0.006292,0.103540,-0.043417,0.022623,-0.138136,-0.043839,0.027037,-0.067763,-0.082791,-0.092356,-0.046460,-0.050107,-0.022664,0.090240,-0.027573,-0.100557,0.047030,-0.087376,0.085395,-0.012835,0.087618,0.053178,-0.119153,0.070384,-0.005490,-0.076764,-0.125729,-0.119757,0.098762,-0.046317,0.058813,-0.071935,-0.075516,-0.055901,-0.111714,-0.040671,-0.067403,0.075137,-0.096296,0.120368,0.083008,-0.104092,0.054157,-0.039357,-0.054156,-0.114270,-0.030857,0.045871,-0.044653,0.056149,0.033658,-0.041373,0.058788,0.019138,0.132477,0.005119,-0.038452,0.048416,0.097440,-0.061323,-0.062332,0.005041,0.060891,0.101427,-0.111617,0.020455,-0.000382,-0.093354,0.039594,-0.078407,0.068565,-0.047311,0.042686,0.026118,0.088860,0.036825,0.048188,0.032298,0.072143,0.018068,-0.069624,0.021958,-0.032877,0.008094,-0.067641,0.106910,0.094761,-0.088212,-0.073603,-0.048621,-0.102091,0.111627,-0.074316,-0.038330,0.063915,0.086634,0.062773,-0.107358,0.089968,-0.091198,-0.026436,0.105402,0.058306,0.000547,-0.004110,0.082667,0.089864,-0.074177,-0.045008,0.010399,-0.090480,0.095547,0.082245,0.065153,-0.074983,-0.076653,0.096354,-0.080940,0.034149,-0.085704,0.039586,0.031837,-0.009339,0.070328,0.064519,0.016280,0.054680,0.006169,0.021012,-0.001267,0.045082,0.079357,-0.072142,0.111747,0.128894,-0.097335,0.063965,0.037741,-0.041527,-0.000138,0.061075,0.002339,0.007464,-0.114226,-0.030369,-0.001536,0.046251,-0.099144,0.002942,-0.045547,0.093591,-0.083506,0.074633,-0.014678,0.037684,-0.092862,0.083380,0.012718,0.121408,-0.165673,-0.109970,0.052788,0.046051,0.062396,0.077894,-0.053100,0.093790,0.046902,-0.060520,-0.129132,0.091951,-0.019227,0.011942,0.081324,-0.044473,-0.050857,-0.003042,0.030925,-0.035059,0.051904,-0.007390,0.092635,-0.055910,0.121829,0.047596,-0.048192,-0.096723,-0.101726,-0.126111,0.087696,-0.097289,-0.126308,-0.077436,0.038567,-0.096797,-0.109598,-0.105627,0.102350,-0.066514,-0.009074,0.028923,-0.032020,0.079157,0.021169,0.072455,0.010262,0.115664,-0.026421,-0.068859,0.120535,-0.094230,-0.148836,-0.077085,-0.033310,-0.038320,0.056031,-0.104983,-0.015656,0.028100,-0.120963,0.108962,-0.122772,0.020185,0.030145,-0.091888,0.078033,0.041948,-0.054959,-0.086384,0.053586,0.061335,0.100745,0.049781,-0.073233,0.008132,0.006545,-0.028365,-0.114587,-0.099842,-0.068804,-0.008359,-0.047796,-0.085457,-0.070562,0.035007,0.038484,0.106316,0.106630,0.138599,0.066579,-0.097850,0.080784,0.126131,0.064795,-0.079717,0.097523,0.125084,0.050558,-0.039741,-0.046069,0.142156,-0.063233,0.050403,0.119811,-0.084065,0.093383,-0.028243,0.123046,-0.099533,-0.013924,-0.017893,-0.065560,-0.072632,-0.067985,0.075250,-0.104241,0.043836,-0.044274,0.046042,0.028564,0.103156,-0.007014,0.055286,0.061081,0.066863,-0.046945,0.086648,0.062451,-0.022640,0.012920,0.099365,-0.020136,0.016401,0.005382,0.163776,-0.079212,0.146323,0.067780,0.071157,-0.104448,0.105877,0.094136,0.029903,-0.026906,-0.053720,0.100513,0.021371,-0.095302,0.016372,-0.038568,-0.054488,-0.071704,-0.020524,0.102424,-0.117650,-0.037181,0.126181,0.066465,0.042439,-0.109739,0.080750,0.030461,-0.069829,0.014746,0.082446,-0.050322,0.060676,-0.066141,0.078264,0.109933,0.136062,-0.058674,0.036171,-0.012955,0.123272,-0.026017,-0.037815,-0.001761,0.084680,0.035602,0.117117,-0.125585,0.016487,-0.072471,-0.058262,0.122215,0.124789,-0.015989,-0.068686,-0.040208,0.054920,-0.025700,-0.044384,-0.104445,0.095757,0.010640,0.025039,0.075539,0.089825,0.113115,0.064152,-0.064642,-0.045005,-0.087513,-0.113335,-0.068036,-0.061602,0.007000,-0.024692,-0.058639,0.069955,-0.028973,-0.085098,0.022976,0.069676,0.094085,0.006449,-0.009246,0.071132,-0.012098,-0.117942,-0.012900,0.039213,-0.001429,0.042178,0.092983,0.121808,0.102659,-0.114099,-0.071683,-0.086180,-0.005478,-0.037821,-0.028837,0.059637,-0.095034,0.005540,-0.101456,-0.058888,0.096692,-0.021799,0.122859,0.047281,-0.007269,0.092989,-0.036398,-0.089190,-0.023020,0.050207,-0.075083,-0.143348,-0.018585,0.049799,-0.100396,0.039210,-0.036826,0.084248,0.068540,0.013020,0.037215,0.015885,-0.135815,0.129094,-0.095576,0.016979,0.128940,-0.036147,0.081551,-0.111527,0.136129,0.056851,0.098308,0.155827,0.124853,-0.068703,0.033632,0.100127,0.096275,0.016430,-0.079530,-0.040306,0.056213,0.017167,0.030997,0.027539,0.073176,-0.112573,-0.058802,0.062233,0.028732,-0.126655,-0.146513,0.043704,-0.087229,0.064275,-0.060768,0.143719,-0.011815,-0.111340,-0.032593,0.037203,0.036279,-0.000137,-0.133484,-0.097356,-0.120449,-0.131538,-0.078689,-0.117375,-0.078831,0.081894,-0.149522,0.052499,0.033247,-0.013190,-0.063094,-0.089241,-0.085513,0.086063,-0.057399,0.009989,-0.078980,0.049458,0.065404,-0.009032,0.026024,0.006825,0.016268,0.006572,-0.086150,0.024866,0.124899,0.097435,-0.004144,-0.050669,-0.071440,-0.060510,-0.090973,-0.007878,-0.118828,-0.156185,0.022461,-0.063781,0.046191,0.053635,-0.088529,-0.031170,0.121644,-0.090730,-0.052606,0.017015,0.031248,0.052921,-0.044772,0.085022,-0.005200,-0.062251,0.080376,-0.057330,-0.024565,-0.050800,0.097289,0.068235,0.034697,0.064563,0.072629,0.042900,0.082988,0.086047,0.148534,-0.055237,-0.044527,0.080769,0.074559,-0.118653,-0.097071,-0.009349,0.079763,0.076738,0.138344,0.099080,0.019008,-0.064421,-0.102148,-0.066950,-0.067798,-0.037319,0.040309,-0.024596,0.016953,0.098864,0.044450,0.020694,0.074961,0.100792,0.022862,0.062923,0.151144,0.094056,-0.119088,0.070903,0.020642,0.103737,0.066737,0.045545,-0.065077,0.039353,0.061530,-0.083051,0.038837,0.031218,-0.072543,0.025147,-0.102323,0.109668,-0.083567,-0.097503,0.073162,-0.036679,0.074850,-0.070718,-0.054166,0.042871,0.014698,-0.009569,0.137211,0.127458,0.090914,-0.085195,-0.010826,0.108357,-0.004853,-0.091252,-0.111914,-0.045724,0.112558,0.024769,-0.092038,0.023611,-0.113778,0.008499,-0.123551,-0.040293
WEIGHTS2=-0.089512,0.047210,-0.019743,-0.132297,-0.078902,-0.024864,0.039343,0.102451,-0.045266,-0.101912,-0.071838,-0.002891,-0.030800,-0.084510,-0.117254,-0.172717,-0.055811,0.051552,0.168988,-0.103294,0.051748,-0.097250,-0.164800,0.126713,-0.130598,0.130605,0.025897,-0.105687,0.139914,-0.028487,0.106329,0.187374,0.030284,-0.091356,0.175802,-0.108591,0.001158,-0.155088,-0.171665,0.120981,-0.069451,0.140529,-0.075535,-0.140771,-0.029815,-0.087790,0.032229,0.060291,0.059160,-0.107981,-0.148297,0.089784,0.053016,0.091839,0.014770,0.078004,0.010800,0.010634,0.133399,-0.130627,0.047928,-0.159255,-0.039864,0.010716,0.004122,0.053686,0.105700,-0.008131,-0.035037,0.054767,0.162370,-0.130213,-0.147188,-0.049733,-0.080158,-0.059557,-0.072936,-0.153541,-0.064765,-0.108387,0.162918,-0.029576,-0.033323,-0.166184,0.108879,0.062817,0.134280,0.129385,-0.146624,-0.047933,-0.021303,-0.013211,-0.071520,0.163714,-0.094616,-0.127459,0.131093,-0.118482,0.029462,0.146417,0.132215,-0.165278,0.162797,0.166319,0.040103,-0.139169,0.037064,0.154089,0.135555,0.002596,0.138375,0.026083,0.081604,0.170733,-0.144019,0.147381,-0.140365,-0.084280,-0.052061,-0.027735,-0.144705,-0.123982,0.082955,0.129225,-0.080802,-0.108466,0.107810,0.180135,-0.016116,0.092998,-0.168516,-0.030699,-0.038928,0.054088,0.037464,0.016133,0.167702,0.105753,0.073168,0.070470,-0.109025,0.076575,-0.115896,-0.053986,0.015545,0.003469,0.166275,-0.028316,0.114408,-0.030380,-0.015367,0.043548,-0.037789,-0.114829,-0.074094,-0.066577,-0.044194,0.048894,0.077399,0.075559,0.055647,-0.105898,-0.079794,0.022671,0.128761,-0.119780,0.076145,-0.113571,-0.171907,-0.103476,-0.084256,-0.011152,-0.153522,0.059042,0.125671,0.183774,-0.120471,0.039355,0.064707,0.146359,-0.188394,-0.013461,-0.109827,0.090607,0.061292,-0.153035,-0.154632,0.076662,0.065396,-0.012695,0.021814,0.106308,0.130803,0.160737,-0.161525,-0.087511,0.184265,0.177079,0.107830,0.136424,0.108162,-0.043258,0.104399,0.182944,0.148223,0.077523,0.122464,-0.101036,-0.132799,-0.142810,-0.096830,-0.048156,0.091534,-0.121922,-0.115699,-0.065246,-0.059985,0.025955,-0.091024,0.027366,-0.138260,-0.025246,0.043672,-0.106029,-0.123304,-0.138591,-0.123101,0.160630,-0.095105,-0.031268,0.120691,-0.012213,-0.006604,0.113133,0.045203,-0.078616,-0.080646,-0.051104,-0.023981,-0.066542,0.137574,0.058431,-0.069761,0.037119,-0.165576,-0.117448,0.161129,-0.018587,-0.148652,-0.040234,-0.089275,-0.100144,0.006627,0.022580,0.023998,-0.158599,-0.086030,0.133455,0.031841,-0.143997,-0.026290,0.083958,0.057817,-0.008299,-0.096657,0.182518,-0.030694,0.096129,-0.147265,-0.012560,0.155056,0.206329,-0.023767,0.012238,-0.078787,0.095445,0.011476,0.023552,0.087489,-0.035755,-0.055847,-0.130896,-0.164029,-0.010144,-0.134803,-0.125304,-0.200629,0.008120,0.064768,-0.152102,-0.010088,-0.136566,0.129554,0.102518,-0.106066,-0.120780,0.018135,-0.107981,-0.010056,-0.125393,-0.070122,-0.030207,-0.059334,-0.030660,-0.160938,0.023698,0.066272,-0.123460,0.014250,-0.127701,0.173205,-0.058129,-0.161440,0.110389,-0.167518,0.166330,-0.053233,0.129930,0.065015,-0.148348,-0.135939,-0.116346,-0.156541,-0.078430,-0.075714,-0.016650,0.063686,-0.052027,-0.062271,0.112007,0.011078,0.157441,0.041486,-0.039232,-0.141576,-0.039403,-0.151508,-0.064448,-0.016942,-0.072954,0.012765,-0.128321,0.019061,0.103572,0.149777,0.065279,-0.151713,-0.163726,0.170540,-0.011016,0.043597,-0.174420,0.118193,-0.032931,0.028215,-0.142816,-0.040404,-0.077027,-0.136957,0.100406,-0.162967,0.118310,0.083280,-0.093008,0.119989,-0.073487,-0.006613,-0.011767,0.152443,0.052363,-0.104476,-0.000412,0.007144,0.005164,0.049776,-0.135590,-0.065969,0.026564,-0.010780,0.074799,0.156587,0.070411,-0.114402,-0.023352,-0.077312,0.091198,0.089946,0.118989,0.070171,0.019026,0.068783,0.018335,0.101038,0.153717,0.150450,0.018550,0.013254,0.032076,0.018160,-0.091740,0.170232,-0.032615,-0.079788,-0.120281,-0.144216,0.030901,-0.128799,0.054572,0.152950,0.111379,-0.014815,0.027494,0.135668,0.143688,0.040554,0.085319,-0.145973,-0.081033,0.165898,0.026880,-0.079702,-0.016638,-0.025225,-0.030677,-0.133120,-0.098440,-0.150261,0.080408,-0.133806,-0.062568,0.050423,0.194716,-0.083405,-0.106395,0.063351,0.187223,-0.036411,0.068552,-0.017979,0.066556,0.162908,0.045760,0.090996,-0.002735,-0.017251,0.138931,0.031976,0.004132,0.042267,0.020400,-0.086321,-0.114001,-0.175449,0.096769,-0.068169,-0.089006,-0.068236,0.135183,0.141969,-0.071358,-0.012814,-0.102486,-0.202051,-0.127861,0.011621,0.098248,0.063340,0.104662,0.172640,-0.130359,-0.097408,0.035463,0.028568,-0.079466,-0.070160,-0.073882,0.170759,0.024642,0.060104,-0.074529,-0.168632,-0.012266,0.083798,0.158937,-0.063093,0.026245,-0.027464,-0.077096,0.135287,-0.084274,0.135497,-0.119375,0.151833,0.012258,-0.195904,-0.020714,0.019071,-0.054054,0.035217,-0.031075,0.044044,-0.105100,0.034739,-0.113013,-0.023258,0.116722,-0.082862,0.124233,0.021925,-0.173758,0.030304,-0.167386
WEIGHTS3=0.118986,-0.006236,0.185078,0.198480,0.119770,-0.156178,-0.095948,0.003098,0.011939,0.079640,0.193743,0.209243,-0.088659,0.168314,-0.162483,0.024089,-0.062128,0.197695,0.038879,-0.051263,0.007478,-0.188178,-0.130928,-0.214027,0.033978,0.131599,-0.025591,-0.235288,-0.231789,-0.084291,-0.215356,-0.050937,-0.120971,0.101466,-0.212243,-0.035012,0.027489,0.047067,0.163447,-0.229874,-0.209281,0.052065,0.228701,0.217962,-0.185321,0.134974,-0.176741,0.102052
WEIGHTS4=-0.6394422,-0.37072414,-0.67355573,0.6776882,-0.6855342,-0.26604843,-0.36311483,-0.6265835,0.68959486
BIASES0=0.060985,0.032023,-0.051266,-0.028931,-0.015705,-0.145292,-0.076389,-0.095456,-0.031824,0.167867,-0.129107,0.080049,0.041918,0.048593,0.066266,0.070097,0.118467,0.120353,-0.139361,-0.092079,0.171404,0.019148,-0.066094,0.036726,0.044208,0.152737,0.088558,-0.055361,0.129396,0.087279,-0.144771,0.150891,-0.067743,-0.124376,0.111282,-0.063581,0.160143,0.033849,-0.031837,-0.030054,0.049182,0.035730,0.034751,0.036564,0.011086,0.009447,-0.073366,-0.053866,0.042857,0.059736,-0.085095,-0.122617,0.010960,-0.058719,0.099811,-0.059642,-0.081215,-0.014468,-0.076659,-0.023982,-0.203126,-0.059731,-0.064434,-0.122612
BIASES1=0.071895,-0.102403,-0.008515,-0.065381,-0.063475,0.001546,0.137189,0.133912,0.224891,-0.043075,-0.021972,0.161509,-0.010783,0.085254,0.070937,-0.006965,-0.029957,0.062829,-0.081809,0.106723,-0.262453,0.144735,-0.154858,0.168913,0.095719,-0.083627,0.005792,-0.078513,0.090871,0.091231,0.102217,-0.153369
BIASES2=0.190462,0.032838,-0.095164,-0.210477,0.072552,-0.243745,0.143753,0.056373,0.154957,-0.014666,-0.132158,-0.120612,0.265325,-0.013559,-0.144497,-0.119660
BIASES3=-0.185973,0.079348,0.069783
BIASES4=0.0,0.0,0.0
GAMMAS0=1.003171,0.967903,0.992257,0.990191,0.996550,1.002286,0.992314,0.991374,0.957796,0.977995,1.015435,0.980501,1.000442,0.984067,0.969332,0.992316,0.960547,0.991223,0.985661,1.005276,0.990929,0.997547,1.000376,0.990051,0.993697,1.045823,0.965338,0.994325,0.994375,0.981484,0.993908,0.953013,0.960373,1.006256,0.985232,0.974083,0.990764,1.008798,0.995703,0.976286,0.991421,0.994270,0.991440,0.991988,0.985096,1.004411,1.013048,0.983834,0.955501,0.967920,0.988435,0.957506,1.003416,0.936211,1.023164,0.985219,0.968761,0.965332,1.006228,0.977901,1.024104,0.947266,0.934591,0.998376
GAMMAS1=0.974856,0.960320,0.981271,0.977489,1.011168,0.984357,0.996363,1.003064,1.000832,0.998383,0.993558,0.993375,0.961865,0.968394,1.016550,1.019333,0.997143,0.968139,0.996138,0.994429,1.023538,0.982449,1.005742,0.961460,0.966869,0.973451,0.979368,1.003142,0.991272,0.985678,0.978619,1.006234
GAMMAS2=0.983697,0.985202,0.964772,0.971414,0.980088,0.965015,0.977825,0.998382,0.984879,0.964914,0.980601,0.983862,1.004825,0.987470,0.996967,0.992458
GAMMAS3=0.970631,0.960477,0.959502
BETAS0=-0.138535,-0.086551,-0.024183,0.039940,-0.020175,0.066877,0.030727,0.006858,0.045242,-0.052161,-0.054055,0.046544,0.008220,0.123127,0.044338,-0.113864,0.052599,0.030287,0.001288,-0.047925,0.059126,-0.118080,-0.062531,0.028628,0.148444,0.164645,-0.004282,0.004639,0.033558,-0.048763,0.065518,-0.044138,-0.003033,0.099663,-0.030382,-0.109728,-0.017186,0.049327,-0.065815,-0.016627,-0.037357,0.245023,-0.010361,-0.012299,0.001012,0.097104,0.040221,0.060521,-0.036354,0.007759,-0.041999,0.051344,0.030035,0.014287,0.029464,-0.130576,-0.052002,-0.070714,-0.017912,0.038522,-0.052772,-0.042579,0.117716,0.003067
BETAS1=-0.098673,0.073261,0.043575,0.063541,-0.042749,0.043838,0.050393,0.047642,0.091244,0.104698,0.066408,0.038135,-0.037138,0.011378,-0.035607,-0.167248,0.127696,-0.032705,0.017790,-0.069741,-0.050211,0.002165,-0.070437,0.069386,0.055810,0.118255,0.051102,-0.097057,0.046259,0.079029,0.093027,0.056679
BETAS2=0.053291,-0.038681,0.043515,0.055156,0.037211,-0.014494,-0.020963,0.036870,0.018773,-0.006060,0.017509,0.029301,0.022549,0.031406,0.009085,0.003973
BETAS3=0.001281,-0.005440,-0.002466
EXPECTATIONS0=-0.415922,-0.593043,0.175686,-0.396270,0.239863,-0.262788,-0.258499,-0.928662,0.440009,0.768921,0.186050,-0.361677,0.389950,0.189968,-0.498567,0.415350,0.027727,0.904694,-0.614407,-0.290966,0.833690,-0.088038,-0.368264,0.261534,-0.002266,0.134915,-0.203360,-0.055174,0.727800,-0.107577,-0.943987,0.442505,0.636094,-0.101334,0.690116,-0.213983,0.778901,0.747579,-0.580126,0.642011,0.075632,-0.168538,0.323087,0.133097,0.875053,0.149805,-0.074911,-0.203589,-0.686323,0.028714,-0.373533,-0.389814,-0.028611,-0.973631,0.232735,0.026090,0.810998,0.572804,0.360141,0.112596,-0.409714,-0.276223,0.599141,-0.629471
EXPECTATIONS1=-0.009037,-0.088459,0.017084,-0.086998,-0.093062,-0.108064,0.025702,0.187932,0.225901,-0.046820,0.032285,0.236120,-0.039862,0.037627,0.028076,-0.043647,-0.027451,0.023103,-0.097207,0.048663,-0.295987,0.112813,-0.217827,0.158566,0.027806,-0.070303,0.045887,-0.099764,0.013873,0.030691,0.051859,-0.249066
EXPECTATIONS2=0.200793,0.033372,-0.073594,-0.175195,0.100994,-0.280713,0.092933,0.065659,0.032260,-0.077834,-0.054368,-0.131239,0.300242,-0.019541,-0.051866,-0.080708
EXPECTATIONS3=-0.115060,0.037335,0.031417
VARIANCES0=0.052240,0.034196,0.058380,0.055721,0.061063,0.048904,0.035384,0.012330,0.057826,0.034547,0.065619,0.038724,0.044961,0.037138,0.040491,0.042173,0.044672,0.017191,0.041901,0.050601,0.025177,0.052597,0.045743,0.058819,0.045317,0.047096,0.047028,0.037104,0.026922,0.048272,0.010833,0.041805,0.030412,0.061888,0.040588,0.047167,0.028473,0.037889,0.035710,0.035066,0.061532,0.056918,0.052560,0.054027,0.021990,0.047943,0.046269,0.038681,0.030963,0.048141,0.049016,0.041114,0.062320,0.004812,0.043127,0.038738,0.025947,0.041527,0.053211,0.038037,0.035779,0.039128,0.030128,0.055516
VARIANCES1=0.571717,0.633636,0.509191,0.541526,0.507304,0.550888,0.684315,0.421193,0.504235,0.555232,0.590806,0.554174,0.402739,0.702549,0.505615,0.411226,0.445298,0.493958,0.624664,0.511030,0.546815,0.404176,0.546112,0.472236,0.491740,0.593674,0.522206,0.675024,0.648990,0.778235,0.585932,0.603458
VARIANCES2=0.538119,0.428904,0.478671,0.547601,0.487733,0.495726,0.517372,0.577776,0.635278,0.537352,0.569003,0.408329,0.495555,0.598601,0.680160,0.597270
VARIANCES3=0.368145,0.393454,0.424648
APPLY_BATCH_NORM
... ANN


PBMETAD ...
ARG=ann.node-0,ann.node-1,ann.node-2 SIGMA=0.1,0.1,0.1 HEIGHT=1.2
TEMP=300 PACE=500 BIASFACTOR=2 LABEL=pb
FILE=hills_pc0.out,hills_pc2.out,hills_pc3.out
GRID_MIN=-2.5,-2.5,-2.5 GRID_MAX=2.5,2.5,2.5 GRID_BIN=5000,5000,5000
... PBMETAD

# monitor the cv and the metadynamics bias potential
PRINT STRIDE=1 ARG=ann.node-0,ann.node-1,ann.node-2,pb.bias FILE=colvar.out
